((("exception" .
   [0 0 1 0 0 0 0 1 0])
  ("Derived" .
   [4 0 0 0 2 2 0])
  ("virtual" .
   [0 0 0 0 2 0 0])
  ("Base" .
   [9 0 0 0])
  ("public" .
   [3 0 0 0 0 0])
  ("class" .
   [2 0 0 0 0])
  ("Hoge" .
   [9 0 0 0])
  ("Abs" .
   [2 0 0])
  ("TYPE" .
   [2 0 0 0])
  ("Add" .
   [2 0 0])
  ("stringstream" .
   [0 0 0 0 0 0 1 0 0 0 0 0])
  ("sstr" .
   [5 0 0 2])
  ("size" .
   [3 0 0 0])
  ("endl" .
   [7 0 0 2])
  ("cout" .
   [13 0 0 0])
  ("hello" .
   [5 0 0 0 1])
  ("sleep" .
   [1 0 0 0 0])
  ("fclose" .
   [1 0 0 0 0 0])
  ("fprintf" .
   [1 0 0 0 0 0 0])
  ("fopen" .
   [1 0 0 0 0])
  ("fp2" .
   [3 0 0])
  ("fp1" .
   [2 0 0])
  ("pow" .
   [1 0 0])
  ("rand" .
   [1 0 0 0])
  ("math" .
   [1 0 0 0])
  ("time" .
   [2 0 0 0])
  ("setopt" .
   [1 0 0 0 0 0])
  ("sys" .
   [6 0 0])
  ("takeuchi" .
   [0 0 0 0 4 0 0 1])
  ("atoi" .
   [2 0 0 0])
  ("count" .
   [6 0 0 1 1])
  ("tarai" .
   [4 0 1 1 0])
  ("imgRAW" .
   [1 0 0 0 0 0])
  ("PA" .
   [1 0])
  ("debug" .
   [1 0 0 0 0])
  ("TIMEOVER" .
   [0 0 2 1 3 3 0 0])
  ("str" .
   [6 0 0])
  ("strcmp" .
   [2 0 0 0 0 0])
  ("timer" .
   [1 0 0 0 0])
  ("case" .
   [3 0 0 0])
  ("switch" .
   [1 0 0 0 0 0])
  ("break" .
   [5 0 0 0 0])
  ("END_st" .
   [2 0 0 1 1 0])
  ("write" .
   [8 0 0 0 0])
  ("socks" .
   [1 0 0 0 1])
  ("write_buf" .
   [2 0 0 0 0 0 4 0 2])
  ("sprintf" .
   [2 0 0 0 0 1 0])
  ("last_socks" .
   [0 0 0 0 1 1 0 0 0 0])
  ("loser" .
   [2 0 0 0 0])
  ("winner" .
   [3 0 0 0 1 0])
  ("PAR" .
   [1 0 0])
  ("CHOKI" .
   [3 0 2 1 0])
  ("GOO" .
   [6 0 0])
  ("flag" .
   [11 0 0 2])
  ("GCPWait_st" .
   [0 0 1 0 0 0 0 0 0 0])
  ("state" .
   [4 0 0 0 0])
  ("printf" .
   [15 0 0 0 0 0])
  ("else" .
   [10 0 0 0])
  ("hands" .
   [17 0 0 1 0])
  ("read_buf" .
   [4 0 0 0 0 0 0 0])
  ("define" .
   [6 0 0 0 0 0])
  ("cvReleaseImage" .
   [0 0 0 0 0 0 0 0 0 0 1 0 0 1])
  ("free" .
   [1 0 0 0])
  ("resize_mask" .
   [2 0 0 0 0 0 0 0 2 1 0])
  ("mask" .
   [2 0 0 0])
  ("img" .
   [2 0 0])
  ("resize_img" .
   [1 0 0 0 0 0 2 0 0 2])
  ("height" .
   [1 0 0 0 0 0])
  ("width" .
   [1 0 0 0 0])
  ("cvSize" .
   [1 0 0 0 0 0])
  ("frame" .
   [6 0 0 1 0])
  ("require" .
   [0 0 0 0 1 0 0])
  ("LWP::RobotUA" .
   [0 0 0 0 1 0 0 0 0 0 0 0])
  ("strict" .
   [2 0 0 0 0 0])
  ("and" .
   [0 0 1])
  ("text" .
   [0 0 0 1])
  ("use" .
   [9 0 0])
  ("LWP::Debug" .
   [0 0 0 0 1 0 0 0 0 0])
  ("LWP::UserAgent" .
   [0 0 1 1 0 0 0 0 0 0 0 0 0 0])
  ("flymake" .
   [0 0 0 0 1 0 0])
  ("int" .
   [42 0 0])
  ("include" .
   [16 0 0 3 1 5 1])
  ("stdio" .
   [1 0 0 0 1])
  ("main" .
   [2 0 1 0])
  ("argc" .
   [3 0 0 0])
  ("char" .
   [6 0 0 0])
  ("argv" .
   [6 0 1 0])
  ("testfile" .
   [1 0 0 0 0 0 0 0])
  ("if" .
   [14 0])
  ("exit" .
   [1 0 0 0])
  ("EXIT_FAILURE" .
   [0 0 0 0 1 0 0 0 0 0 0 0])
  ("for" .
   [21 0 0])
  ("10000" .
   [1 0 0 3 0])
  ("sizeof" .
   [8 0 1 0 1 3])
  ("return" .
   [14 0 0 0 0 1])
  ("stdlib" .
   [2 0 0 0 0 0])
  ("import" .
   [0 0 0 1 0 0])
  ("opencv" .
   [0 0 1 0 0 0])
  ("capture" .
   [2 0 0 0 0 0 0])
  ("--exclude" .
   [0 0 0 0 1 0 0 0 0])
  ("result" .
   [3 0 0 0 0 0])
  ("double" .
   [23 0 0 0 0 0])
  ("const" .
   [2 0 0 0 0])
  ("w_1" .
   [3 0 1])
  ("calc" .
   [1 0 0 0])
  ("sigmoid" .
   [0 0 0 2 0 0 0])
  ("sum" .
   [2 0 0])
  ("ans" .
   [5 0 0])
  ("w_2" .
   [2 0 0])
  ("lambda" .
   [0 0 1 1 1 0])
  ("update" .
   [1 0 0 0 0 0])
  ("m_error" .
   [0 0 3 2 1 0 0])
  ("err" .
   [3 0 0])
  ("error" .
   [1 0 0 0 0])
  ("counter" .
   [7 0 0 1 0 1 0])
  ("eps" .
   [4 0 0])
  ("utf-8" .
   [0 0 0 1 0])
  ("string" .
   [7 0 0 0 0 0])
  ("types" .
   [2 0 0 0 0])
  ("socket" .
   [2 0 0 0 0 0])
  ("netinet" .
   [1 0 0 0 0 1 0])
  ("in" .
   [2 0])
  ("PORT" .
   [1 0 0 0])
  ("struct" .
   [1 0 0 0 0 0])
  ("sockaddr_in" .
   [1 0 0 0 0 0 0 0 0 0 0])
  ("addr" .
   [1 0 0 0])
  ("fd" .
   [16 0])
  ("buflen" .
   [2 0 0 0 0 0])
  ("buf" .
   [6 0 0])
  ("1024" .
   [2 0 0 0])
  ("close" .
   [1 0 0 0 0])
  ("50000" .
   [1 0 0 0 0])
  ("i" .
   [3])
  ("level" .
   [1 0 0 0 1])
  ("endif" .
   [7 0 0 0 0])
  ("read" .
   [4 0 0 0])
  ("Board" .
   [0 0 0 2 1])
  ("hirank" .
   [2 0 0 0 1 1])
  ("ctime" .
   [1 0 0 1 0])
  ("ifdef" .
   [2 0 0 0 0])
  ("DEBUG" .
   [6 0 0 0 0])
  ("pos" .
   [5 0 0])
  ("pos_y" .
   [1 0 0 0 0])
  ("pos_x" .
   [1 0 0 0 0])
  ("s" .
   [2])
  ("board" .
   [1 0 0 0 0])
  ("ifndef" .
   [3 0 0 1 0 0])
  ("update_f" .
   [0 0 2 2 0 0 4 0])
  ("myrank" .
   [0 0 0 0 1 1])
  ("ch" .
   [1 0])
  ("RETRY" .
   [1 0 0 0 0])
  ("retry_f" .
   [3 0 0 0 0 0 0])
  ("posToLocy" .
   [1 0 0 0 0 0 0 0 0])
  ("11" .
   [1 0])
  ("void" .
   [7 0 0 0])
  ("getRightStick" .
   [0 0 0 0 0 0 1 0 0 0 0 0 0])
  ("getLeftStick" .
   [0 0 0 0 0 1 0 0 0 0 0 0])
  ("releaseRightStick" .
   [0 0 0 0 0 0 0 0 1 0 0 0 0 0 0 0 0])
  ("releaseLeftStick" .
   [0 0 0 0 0 0 0 0 0 0 0 0 0 0 0 1])
  ("~/Desktop/screenshot/" .
   [0 0 0 1 0 0 0 0 0 0 0 0 0 0 0 0 0 0 0 0 0])
  ("line" .
   [6 0 0 0])
  ("fstream" .
   [2 0 1 0 0 0 0])
  ("file" .
   [5 0 0 0])
  ("PAGE_WIDTH" .
   [0 0 0 0 0 0 1 0 0 1])
  ("PAGE_HEIGHT" .
   [0 0 0 0 1 0 0 0 0 0 1])
  ("bool" .
   [5 0 0 0])
  ("private" .
   [1 0 0 0 0 0 0])
  ("Dump" .
   [2 0 0 2])
  ("DumpFile" .
   [1 0 0 0 0 0 1 3])
  ("Run" .
   [2 0 0])
  ("Open" .
   [2 0 0 0])
  ("Control" .
   [0 0 0 1 1 0 0])
  ("Close" .
   [2 0 0 0 0])
  ("filename" .
   [0 0 0 0 0 0 0 2])
  ("m_file" .
   [3 0 0 1 3 0])
  ("m_page" .
   [5 0 0 0 0 0])
  ("PAGE_SIZE" .
   [0 0 1 0 0 0 0 1 0])
  ("while" .
   [1 0 0 0 0])
  ("true" .
   [3 0 0 0])
  ("flush" .
   [1 0 0 0 0])
  ("getline" .
   [1 0 0 0 0 0 0])
  ("cin" .
   [1 0 0])
  ("command" .
   [2 0 0 0 0 0 2])
  ("false" .
   [0 0 0 1 0])))
